00000000000000000000000000000000000000000000000000000000000000000000000000000000
00000000000000000000000000000000000000000000000000000000000000000000000000000000
00111111111111111111111111111111111111111111111111111111111111111111111111111100
00100000000000000000000000000000000000000000000000000000000000000000000000000100
00100000000000000000000000000000000000000000000000000000000000000000000000000100
00100000000000000000000000000000000000000000000000000000000000000000000000000100
00100000000000000000000000000000000000000000000000000000000000000000000000000100
00100000000000000000000000000000000000000000000000000000000000000000000000000100
00100000000000000000000000000000000000000000000000000000000000000000000000000100
00100000000000000000000000000011000000000000011000000000000000000000000000000100
00100000000000000000000000000011000000000000011000000000000000000000000000000100
00100000000000000000000000000011000000000000011000000000000000000000000000000100
00100000000000000000000000000011000000000000011000000000000000000000000000000100
00100000000000000000000000000011111111111111111000000000000000000000000000000100
00100000000000000000000000000011111111111111111000000000000000000000000000000100
00100000000000000000000000000011000000000000011000000000000000000000000000000100
00100000000000000000000000000011000000000000011000000000000000000000000000000100
00100000000000000000000000000011000000000000011000000000000000000000000000000100
00100000000000000000000000000011000000000000011000000000000000000000000000000100
00100000000000000000000000000000000000000000000000000000000000000000000000000100
00100000000000000000000000000000000000000000000000000000000000000000000000000100
00100000000000000000000000000011000000000000011000000000000000000000000000000100
00100000000000000000000000000001100000000000110000000000000000000000000000000100
00100000000000000000000000000000110000000001100000000000000000000000000000000100
00100000000000000000000000000000011111111111000000000000000000000000000000000100
00100000000000000000000000000000001100000110000000000000000000000000000000000100
00100000000000000000000000000000000110001100000000000000000000000000000000000100
00100000000000000000000000000000000011011000000000000000000000000000000000000100
00100000000000000000000000000000000000100000000000000000000000000000000000000100
00100000000000000000000000000000000000000000000000000000000000000000000000000100
00100000000000000000000000000000000000000000000000000000000000000000000000000100
00100000000000000000000000000000000000000000000000000000000000000000000000000100
00100000000000000000000000000000000000000000000000000000000000000000000000000100
00100000000000000000000000000000000000000000000000000000000000000000000000000100
00100000000000000000000000000000000000000000000000000000000000000000000000000100
00100000000000000000000000000000000000000000000000000000000000000000000000000100
00100000000000000000000000000000000000000000000000000000000000000000000000000100
00100000000000000000000000000000000000000000000000000000000000000000000000000100
00100000000000000000000000000000000000000000000000000000000000000000000000000100
00100000000000000000000000000000000000000000000000000000000000000000000000000100
00100000000000000000000000000000000000000000000000000000000000000000000000000100
00100000000000000000000000000000000000000000000000000000000000000000000000000100
00100000000000000000000000000000000000000000000000000000000000000000000000000100
00100000000000000000000000000000000000000000000000000000000000000000000000000100
00100000000000000000000000000000000000000000000000000000000000000000000000000100
00100000000000000000000000000000000000000000000000000000000000000000000000000100
00100000000000000000000000000000000000000000000000000000000000000000000000000100
00100000000000000000000000000000000000000000000000000000000000000000000000000100
00100000000000000000000000000000000000000000000000000000000000000000000000000100
00100000000000000000000000000000000000000000000000000000000000000000000000000100
00100000000000000000000000000000000000000000000000000000000000000000000000000100
00100000000000000000000000000000000000000000000000000000000000000000000000000100
00100000000000000000000000000000000000000000000000000000000000000000000000000100
00100000000000000000000000000000000000000000000000000000000000000000000000000100
00100000000000000000000000000000000000000000000000000000000000000000000000000100
00100000000000000000000000000000000000000000000000000000000000000000000000000100
00100000000000000000000000000000000000000000000000000000000000000000000000000100
00100000000000000000000000000000000000000000000000000000000000000000000000000100
00100000000000000000000000000000000000000000000000000000000000000000000000000100
00100000000000000000000000000000000000000000000000000000000000000000000000000100
00100000000000000000000000000000000000000000000000000000000000000000000000000100
00100000000000000000000000000000000000000000000000000000000000000000000000000100
00100000000000000000000000000000000000000000000000000000000000000000000000000100
00100000000000000000000000000000000000000000000000000000000000000000000000000100
00100000000000000000000000000000000000000000000000000000000000000000000000000100
00100000000000000000000000000000000000000000000000000000000000000000000000000100
00100000000000000000000000000000000000000000000000000000000000000000000000000100
00100000000000000000000000000000000000000000000000000000000000000000000000000100
00100000000000000000000000000000000000000000000000000000000000000000000000000100
00100000000000000000000000000000000000000000000000000000000000000000000000000100
00100000000000000000000000000000000000000000000000000000000000000000000000000100
00100000000000000000000000000000000000000000000000000000000000000000000000000100
00100000000000000000000000000000000000000000000000000000000000000000000000000100
00100000000000000000000000000000000000000000000000000000000000000000000000000100
00100000000000000000000000000000000000000000000000000000000000000000000000000100
00100000000000000000000000000000000000000000000000000000000000000000000000000100
00100000000000000000000000000000000000000000000000000000000000000000000000000100
00111111111111111111111111111111111111111111111111111111111111111111111111111100
00000000000000000000000000000000000000000000000000000000000000000000000000000000
00000000000000000000000000000000000000000000000000000000000000000000000000000000