00000000000000000010000000000000000000000000000000000000000000000000000000000000
00000000000000000000000000000000000000000000000000000000000000000000000000000000
00000000000000000000000000000000000000000000000000000000000000000000000000000000
00000000100000000000000000000000000000000000000000000000000000100001000000000000
00000000000000001000000000000000000010000000000000000000000000000000000000000000
00000000000000000000000000000000000000000100000001000000000000000000000000000000
00000000000000000000001000000000000000100000000000000000000001000000000000000000
00000000000000000000000000000000000000000000000000000000000000000000000000000000
00000000000000000000000000000000000000000000000000000000000000000000000000000000
00000100000001000000000000000010000000000000000000000000000000000000000000000000
00000000000000000000000001000000000000000001000000000000000000000000000000000000
00000000000000000000000000000000000000000000000001000000000000000100000000000000
00000000000000000000000000000000000000000000000000000000000000000000000000000000
00000000000000000000000000000000001000000000000000000000000000000000000000000000
00000000010000000001000000000000000000000000000000000000000000000000000000000000
00000000000000000000000000000000000000000000000000000000000000000000000000000000
00000001000000000000000000001000000000000000010000000000000000000001000000000000
00000000000000000000000000000000000001000000000000000000000000000000000000000000
00000000000000000000000000000000000000000000000000000100000000000000000000000000
00000000000100000000000000010000000000000000000000000000000000000000000000000000
00000000000000000010000000000000000000000000001000000000000000000100000000000000
00000000000001000000000000000000000000001000000000000000000000000000000000000000
00000000000000000000000000000000000000000000000000000000000000000000000000000000
00000000000000000000000000000000000000000000000000000000010000000000000000000000
00000000000000000000000000000100000000000000000000000000000000000000000000000000
00000100000000000000100000000000000000000000000010000000000000000000000000000000
00000000000000000000000000000000000000000000000000000000000000000000000000000000
00000000000000000000000010000000000100000000000000000000000000000000000000000000
00000000000000000000000000000000000000000000000000000000000000000000100000000000
00000000000100000000000000000000000000000000000000000000000000000000000000000000
00000000000000000000000000000000000000000000000000000000000000000000000000000000
00000000000000000000000000000000000001000000001000000000000001000000000000000000
00000000000000000000000010000000000000000000000000000000000000000000000000000000
00000000000000000000000000000000000000000000000000000000000000000000000000000000
00000000000000100000000000000000000000000000000000000000000000000000000000000000
00000001000000000000000000000000001000000000000000000000000000001000000000000000
00000000000000000000000000000000000000000010000000000010000000000000000000000000
00000000000000000000000000000000000000000000000000000000000000000000000000000000
00000000000000000000010000000000010000000000000000000000000000000000000000000000
00000010000000000000000000000000000000000000000000000000000000000000000000001000
00000000000000000000000000000000000000000000000000000000010000000000000000000000
00000000000000000000010000000000000000000000000000000000000000000000000000000000
00000000000000000000000000000000000000010000000000000000000000000000000000000000
00000000000000000000000000000000000000000000000000000000000000000000100000000000
00000000000000000000010000000000000000000000000100000000000000000000000000000000
00000000001000000000000000000000001000000000000000000000000000000000000000000000
00000000000000000000000000000000000000000000000000000000001000000000000000000000
00000000000000000000000000000000000000000000000000000000000000000000000000000000
00000000000000000000000000000000000001000000000100000000000000000000000010000000
00000000000000000000000001000000000000000000000000000000000100000000000000000000
00000100000000000000000000000000000000000000000000000000000000000000000000000000
00000000000000000000000000000000000000000000000000000000000000000010000000000000
00000000000001000000000000100000000000000001000000000000000000000000000000000000
00000000000000000000000000000000000000000000000000000000000000000000000000000000
00000000000000000000000000000000000010000000000000000000000100000000000000000000
00000000000000000000000000000000000000000000000000000000000000000000000000000000
00000000000000000000000000000000000000000000000000000100000000000000000000000000
00000000000100000000000000000000000000000000000000000000000000000000000000000000
00000000000000000000000000000000000000000000100000000000000000000000000000000000
00000000000000000000000000100000000000000000000000000000000000000000000100000000
00000000000000000000000000000000000001000000000000000000000000000000000000000000
00000000000000010000000000000000000000000000000000000000000000000000000000000000
00000000000000000000000000000000000000000000000000100000000010000000000000000000
00000000100000000000000000000000000000000000000000000000000000000000000000000000
00000000000000000000000000000000000000010000000000000000000000000000000000000000
00000000000000000000001000000000000000000000000000000000000000000000000001000001
00000100000000000000000000000000000000000000000000000000000000000000000000000000
00000000000000000000000000000000000000000000000000000000001000000000000000000000
00000000000000000000000000000000010000000000000000000000000000000000000000000000
00000000000000000000000000000000000000000000000000000000000000000000000000000000
00000000000000000001000000000000000000000000010000000000000000000000000000000000
00000000000000000000000000000000000000000000000000000000000000010000000010000000
00000000000000000000000000000001000000000000000000000000000000000000000000000000
00000000010000000000000000000000000000000000100000000000000000000000000000000000
00000000000000000000000000000000000000000000000000000000000000000000000000000000
00000000000000000000000000000000000000000000000000000000000000100000000000000000
00000000000000000000000000000000000000000000000000000000000000000000000000000000
00000000000000000100000000000000000000000000000000000000000000000000000000000000
00000000000000000000000000000000000000000000000000000000000000000000000000000000
00000000000000000000000000000000000100000000000000000000000100000000000000000000